rute=  [[1. 0. 0. 0. 0. 0.]
        [1. 0. 0. 0. 0. 0.]
        [1. 0. 0. 0. 0. 0.]
        [1. 0. 0. 0. 0. 0.]
        [1. 0. 0. 0. 0. 0.]]

tho=   [[0.         0.1        0.08333333 0.09090909 0.07142857]
        [0.1        0.         0.07692308 0.06666667 0.125     ]
        [0.08333333 0.07692308 0.         0.11111111 0.07142857]
        [0.09090909 0.06666667 0.11111111 0.         0.0625    ]
        [0.07142857 0.125      0.07142857 0.0625     0.        ]]
        
mh=    [[0.         0.1        0.08333333 0.09090909 0.07142857]
        [0.         0.         0.07692308 0.06666667 0.125     ]
        [0.         0.07692308 0.         0.11111111 0.07142857]
        [0.         0.06666667 0.11111111 0.         0.0625    ]
        [0.         0.125      0.07142857 0.0625     0.        ]]

tho[1]^beta=[0.01 0.01 0.01 0.01 0.01] 
mh[1]^alpha=[0.   0.1  0.08333333 0.09090909 0.07142857]

resulting thoinit=[0. 0.28929242 0.24107702 0.26299311 0.        ]












rute=  [[1. 2. 0. 0. 0. 0.]
        [1. 0. 0. 0. 0. 0.]
        [1. 0. 0. 0. 0. 0.]
        [1. 0. 0. 0. 0. 0.]
        [1. 0. 0. 0. 0. 0.]]

tho=   [[0.         0.1        0.08333333 0.09090909 0.07142857]
        [0.1        0.         0.07692308 0.06666667 0.125     ]
        [0.08333333 0.07692308 0.         0.11111111 0.07142857]
        [0.09090909 0.06666667 0.11111111 0.         0.0625    ]
        [0.07142857 0.125      0.07142857 0.0625     0.        ]]

mh=    [[0.         0.         0.08333333 0.09090909 0.07142857]
        [0.         0.         0.07692308 0.06666667 0.125     ]
        [0.         0.         0.         0.11111111 0.07142857]
        [0.         0.         0.11111111 0.         0.0625    ]
        [0.         0.         0.07142857 0.0625     0.        ]]

tho[2]^beta= [0.01 0.01 0.01 0.01 0.01] 
mh[2]^apha = [0.   0.   0.07692308 0.06666667 0.125     ]

resulting thoinit=[0. 0. 0.28639618 0.24821002 0. ]











rute=  [[1. 2. 5. 0. 0. 0.]
        [1. 0. 0. 0. 0. 0.]
        [1. 0. 0. 0. 0. 0.]
        [1. 0. 0. 0. 0. 0.]
        [1. 0. 0. 0. 0. 0.]]


tho=   [[0.         0.1        0.08333333 0.09090909 0.07142857]
        [0.1        0.         0.07692308 0.06666667 0.125     ]
        [0.08333333 0.07692308 0.         0.11111111 0.07142857]
        [0.09090909 0.06666667 0.11111111 0.         0.0625    ]
        [0.07142857 0.125      0.07142857 0.0625     0.        ]]

mh=    [[0.         0.         0.08333333 0.09090909 0.        ]
        [0.         0.         0.07692308 0.06666667 0.        ]
        [0.         0.         0.         0.11111111 0.        ]
        [0.         0.         0.11111111 0.         0.        ]
        [0.         0.         0.07142857 0.0625     0.        ]]

tho[3]^beta= [0.01 0.01 0.01 0.01 0.01] 
mh[3]^apha = [0. 0. 0.07142857 0.0625     0. ]

resulting thoinit=[0. 0. 0.53333333 0.46666667 0. ]

rute[3]=   [[1. 2. 5. 3. 0. 0.]
            [1. 0. 0. 0. 0. 0.]
            [1. 0. 0. 0. 0. 0.]
            [1. 0. 0. 0. 0. 0.]
            [1. 0. 0. 0. 0. 0.]]
